094101
094139
094142
094170
094179
094189
094195
094198
094202
094210
094219
094222
094224
094241
094288
094290
094295
094312
094313
094314
094333
094345
094395
094396
094411
094412
094423
094424
094481
094503
094504
094513
094564
094569
094591
094594
094600
094700
094701
094702
094703
094704
094820
095111
095113
095140
095219
095280
095296
095334
095605
095622
096120
096122
096200
096208
096210
096211
096212
096215
096222
096224
096226
096231
096235
096244
096250
096262
096265
096266
096275
096291
096292
096311
096324
096327
096336
096351
096411
096412
096414
096425
096450
096475
096501
096553
096556
096570
096576
096578
096582
096589
096600
096606
096609
096617
096620
096622
096625
096644
096690
096693
096694
096807
096820
097135
097139
097140
097209
097215
097217
097222
097225
097244
097246
097247
097248
097280
097317
097400
097414
097447
097449
097510
097622
097644
097800
097920
097921
097922
097950
097980
